,commit,pred,prob,label,fold
0,33877ac5ed20985a33a7e9ac42f78d2e8e50de9e,0,0.09,0,1
1,d05fac054e8e4f3b03794540a759ad02f340be0e,0,0.17,0,1
2,be1632f3e3852939ff518efd30ba6199f042e43c,0,0.08,0,1
3,add45005fc374be9199f8f63f0c0f1b172c1a21d,0,0.17,0,1
4,f2fe7245053cfc6a7ab9eaf0ed4b3e5903fb90f6,0,0.01,0,1
5,746c998e1a2a380f6bd844886bca6d0b3a76b1e7,0,0.1,0,1
6,f465d0aa697339ea7b165aee43199887433aa454,0,0.0,0,1
7,dbe216ce600a65214366c4c5a26262f0587a4163,0,0.0,0,1
8,0ee65b7169fe4cf27c8625da9750a994172e0be5,0,0.0,0,1
9,6e85e1c83761acfc56485b1bc22331c9bed79676,0,0.06,0,1
10,f040e261bfdd835d6b1908d17b03503b85dd9ced,0,0.12,0,1
11,87b597c622e5e83beb5e45cdc4bd06266a3f9020,0,0.265,0,1
12,13f4032d6c103bfaaabe89f2cd36dffaff5a10b6,0,0.21,1,1
13,5827a6faad6e0b102f9b1e387e0c31dbe6a732cf,0,0.065,0,1
14,5add6876dca051fdfcdcd57c9cf65e956a8ec104,0,0.005,0,1
15,12983d5e048250c5b598fc94ec8fbd3383612ee8,0,0.02,0,1
16,8d97496f8df4ce634bc7e58fcfbc635da32a3edb,0,0.01,0,1
17,2e16492cbfdd1de397ce92f578d3be081b49355b,0,0.025,0,1
18,8fd9c6eee09e81ac8e17a21c52bd0152a5d1e870,0,0.01,0,1
19,e3ec8ebcf05cdad207715fd456e6fc8110b93e08,0,0.01,0,1
20,aef4dd02f9147051ac5350f28b7d7073cb8573a8,0,0.0,0,1
21,1b434bcd8eff04331b74d3cc912e328b521d13d6,0,0.0,0,1
22,6c8f74edd87205eb8c1363b2c018e7458aac8c10,0,0.0,0,1
23,def7c9911aeaaf9eacba0c1560b38fdca33e3083,0,0.24,0,1
24,1a44ba4b6152cdafe636c867fd973e8cd1348078,0,0.015,0,1
25,bd0008e809e1b735100f3ef8003d0acffcb9b7cf,0,0.265,0,1
26,c2811e767df538f8ff25d9922d1bcb53792f9b46,0,0.0,0,1
27,efb3e07afe66351f9879601d4bb3dd4b6d89f059,0,0.0,0,1
28,d880dddc55707fcfa4a59b5a8ff3b0b49bd5c4ba,0,0.0,0,1
29,4104b213685843ad6644fd02b4f4d92ec537ab8f,0,0.005,0,1
30,b6e62ab83aab52e53a29f8e547f1d934e73b2a9a,0,0.135,0,1
31,bfdf1c44af26540c3749806e300ed0ff580efcda,0,0.005,0,1
32,ef205a5d1a6e43413ba9efe86f13364c7b1a92be,0,0.005,0,1
33,5396f1e119b6e9ab7f58b66a67e38bcda9a6d989,0,0.045,0,1
34,6ec0872f2844de1b39d1c00e76ecb963edba35c2,0,0.035,0,1
35,44b2830b882874f620f6a014d80486f91c999f21,0,0.0,0,1
36,db540a6b917f5693d3a58b4be8b9453310642187,0,0.015,0,1
37,c25dbeec0f802672b9acad924ad235d67c2f5ae8,0,0.205,0,1
38,d7c0f27e9fac104f613dcb672c243d3dc7eaf655,0,0.0,0,1
39,63a48705a496bf2506121dcddbd8cac2a78f877c,0,0.08,0,1
40,a49e443c44766df45d254e13bea377d4133f5ee6,0,0.015,1,1
41,107d7f3ea8db440cb2f0a9d626c87a34ad061bae,0,0.0,0,1
42,ebc0d3d309385831e3fd83a7a0da155c0ac2b27e,0,0.0,0,1
43,72779b230040d8dcc0c39d9791fc6c9d8fd2d142,0,0.21,0,1
44,e64d8653d1a4a653dc47da9f398d31955700ebae,0,0.105,0,1
45,b451fdc8e47d231c7f29c74aa5b9f7a7d0e50c9e,0,0.03,0,1
46,0062503cf99a95641cbe11452c9aab047e80871f,0,0.005,0,1
47,31c3a82d4cb252dd874b9882f5520fcf45252c01,0,0.015,0,1
48,7d077b14310213b90e1e34eaa4f655580393d043,0,0.0,0,1
49,2166fdac3d13cb044b5e6d8e5f6093aeaa17d6b1,0,0.0,0,1
50,f20ae062d38133e09679104c1e38857a080997c1,0,0.0,0,1
51,5553c9784284a4ba0e7a9fe00aa607b372722043,0,0.15,0,1
52,f51a7ca5fef18c31078d80cff428c1e365e562c7,0,0.005,0,1
53,159ca6ebb90f83b701436aca8a84aec8bc60776a,0,0.0,0,1
54,28a66efb7637d26152c3e42e5f851be679dc5719,0,0.225,0,1
55,463896f1cceea99ecd1743d34706143eba00ac93,0,0.0,0,1
56,4bef9360676b78378c456475408f51859d7b6f80,0,0.005,0,1
57,b19f70ba00cd9d81745127ffa17ce0753c0236ee,0,0.17,0,1
58,438938e5581eee15af64b6b93a94811b926c4b62,0,0.0,0,1
59,0d7c65f4bd505107349ce5d7ec8115c2e4b721e6,0,0.0,0,1
60,758d1329be16563e3f824c44d5bec6bf8f3e65ea,0,0.0,0,1
61,c03c4a399eeb108b7a8e05a77182d08ec4ae63f2,0,0.0,0,1
62,30a037d2402e4c281ab789c34af15dddf3bc43b6,0,0.015,0,1
63,063515d0aaf538de9aea7926a87883295c1b41c7,0,0.06,0,1
64,85ea9b32bdf8185c81ef2160f060d48f40b9a680,0,0.0,0,1
65,5e76de1cc99591e9e82358f6bf568716364d8c80,0,0.005,0,1
66,2f013e37462f8399886c97a69ba94f763b887b7d,0,0.0,0,1
67,d66e446778d40b94d426fc4289483f542c7bc809,0,0.0,0,1
68,e42f60b937623c5374caa1bcc3287676512dea99,0,0.0,0,1
69,9e9d237ad3f3e8d0eadee5497101fb423b9b7786,0,0.0,0,1
70,072851608e93ceaa20674cd941df5db992f6f3fd,0,0.0,0,1
71,d8f4cbb53936ce7dfbe287605bc57f177840b992,0,0.03,0,1
72,8287659b3d51c72d152f78c640410c58b6e44ebd,0,0.055,0,1
73,3a87c22aeefd047d83964edfa76d4cc51b7c2536,0,0.38,0,1
74,aa5e60b456b5962eed16cf08894f320057611ac1,0,0.205,0,1
75,1fb8df085056e232d7caccc08cafe9d96c9dc39d,0,0.0,0,1
76,6f92d77bb176242038f8d08a3f2adaa778f0459b,0,0.03,0,1
77,6aab53516261a1b92dd6274fce8d7de361a97a12,0,0.005,0,1
78,d6f70780c9bd28b1e1b37d8991d11acd80955fa7,0,0.025,0,1
79,9a0794de0f932dbfd162c68285f53a0044ef64e1,0,0.275,1,1
80,178ab444fec5370f65c2c90d7048c0940ad8d204,0,0.0,0,1
81,1213c8a2dd83c3cb6931334626955ae853924e25,0,0.155,0,1
82,7dd77c4bdfae88618c5f0e95ab578d73e897b64a,0,0.0,0,1
83,35c5d7143b6c94b13364d13a589dca5a664fe0cd,0,0.03,1,1
84,d8273182a6a57fccd970c6a23a8ac250edf5b8b4,0,0.06,0,1
85,abd69cafa685f7575ab9c7bb1a9fb072e9ff4587,0,0.0,0,1
86,a05022cbab551c0185ef026bd6fd21f446ac0911,0,0.005,0,1
87,a201eaf582c1eef82851ebf6083647f8b6641490,0,0.105,0,1
88,bf2ac35d56ae4b48fafffef8c357162eb145b112,0,0.035,0,1
89,3ba28fe49dc307ec949cea23811b5f41a39b852a,0,0.27,0,1
90,8b71139a7480131091e16b5ed1d17797c28ada56,0,0.0,0,1
91,aad388f4b4ff6792f3c43046010a7541120ec373,0,0.015,0,1
92,d607d9323cb01890feac071dab2934864422243c,0,0.03,0,1
93,b8d454adb4207e6886a9b6d48c5c4a0948a864ce,0,0.33,1,1
94,607c9ec626ae23ac6bbca72afede4037ecb495d7,0,0.02,0,1
95,6eb4655543213e988ff01098d0954e70bc8699b2,0,0.095,0,1
96,42596833d50655c9a60726eafaabde40759f47c8,0,0.0,0,1
97,e36f4a730d231c5ffa81cac28d9281e2f7ec4052,0,0.005,0,1
98,e24e3100edfab3dd6aa14dbbc1b8b9ff4a1afa19,0,0.03,0,1
99,1ebfcaaffac784b5a267acc80ce7652da90b5ac3,0,0.07,0,1
100,cae661e3ce0df0d37316565d57186e99a40f615c,0,0.045,0,1
101,53fb7e87040a65dd93b80d68a424179befd61a73,0,0.165,0,1
102,092c0972bae84d01e456657974db63354d43dd4c,0,0.045,0,1
103,12dfb2e92df5635709cd9092f5567c07357241d8,0,0.115,0,1
104,ea6d2beeaf34d01818a53cdee4f4f6582ee95e9e,0,0.34,0,1
105,c7196c8f20aaa8095fad98cd465105080ff6c6a7,0,0.29,0,1
106,d182f07d6aa3e2e9685a126da5953fe7f0d8206c,0,0.21,0,1
107,f2187efaf00a9b3a9421d535e20598868c06ca21,0,0.02,0,1
108,075a88a074d0db35b2ee4549d7b751d68fb699a6,0,0.145,0,1
109,8071ded100328216b09d3e5aecbfc4f9ccad22de,0,0.075,0,1
110,5e5cb5ec2fefdcd469cfdec9197746acdec46149,0,0.25,0,1
111,590934526e933d5a3e121d1b575cc6ebf817f97b,0,0.005,0,1
112,fd40f7a4f6bcd5f712582e0bca4306d0123b8455,0,0.075,0,1
113,6b4e87c928fbf0ec7f2c9cbb2eb2e10c8f289094,0,0.135,0,1
114,83461fe890b57e80fa1aae98ffedde628a06ed35,0,0.085,0,1
115,a4e4583de20f845d58be996f97767f94d2950fd8,0,0.0,0,1
116,3e8cbfa5c99b8abf82f472f9a63c9b7a51abed1d,0,0.15,0,1
117,c1e51be5a8a52c27ec07bc187c37be68765e8c9e,0,0.01,0,1
118,692c542c5e3038ec9edc5a05ca6ea7c4d2f070ff,0,0.005,0,1
119,2881c10609f395c127571cfff329e36f1b0813ef,0,0.02,0,1
120,1977d4d9682daf14620b0da472de5aabc98b8780,0,0.0,0,1
121,b30f3d55562471055862c3be42fb3a1a5c5d341a,0,0.18,0,1
122,52eb62e4dd78d7f75b44e37c245061d6506c93ae,0,0.035,0,1
123,e8a6708cfdd4b18981244383469ab75d1c09f768,0,0.195,0,1
124,5f00c9b7779f2a7698acb53df86323ef5276d422,0,0.055,0,1
125,bf181a9152b6f2c09928278138916a1cd8d50e8f,0,0.2,0,1
126,31217dfcb2da1c8b0af6f94bf6346987599e7783,0,0.015,0,1
127,07d05a070c3c2cfbc64bcb138de6012786919202,0,0.0,0,1
128,069590396c90a47773dce88316d3eca2c7862a14,0,0.195,0,1
129,6ffc68337fb475d9423ba028e5b4caf78dd805ce,0,0.125,0,1
130,a9889607c1a94c5c24b80214ee84ce0358bdde25,0,0.175,0,1
131,e790293f6ea56cd4455c880cd795d8fcfe972d17,0,0.0,0,1
132,ddd5f1a5e951525c013077b8ec9b4c12c482eff4,0,0.01,0,1
133,534c5fe89f6bfced4db2a991f9d1e5650e43b8d8,0,0.005,0,1
134,ae57c3dbba060a68d13b26221168c6478c25d9f2,0,0.01,0,1
135,a1469c73be56561f4488d4f0835b8e75f5f297c1,0,0.05,0,1
136,33169dcf75724f6190b5c14148553b52899936e0,0,0.005,0,1
137,a40ad8af53e6607a1dec7364cb9fdca03ac44b59,0,0.02,0,1
138,e157ce55412694e3f0be522c23f1d683866380f4,0,0.005,0,1
139,290224dce3adbff4b6ec898ab9323ea9661f68d8,0,0.19,0,1
140,1d0adbdc72a59c15215636b003a7544f039a74f5,0,0.01,0,1
141,32a92993892a2c1e799f5bdd06938fce8849a473,0,0.015,0,1
142,fcfe0a0644be82dda0f9cb79d4cefc5535454425,0,0.045,0,1
143,00bc945db4526b7cea61c0d7af6e6f8d388a97b1,0,0.015,0,1
144,3a7911512fc944d50f9043e34b754746b548d8d8,0,0.0,0,1
145,ca70b29dd7700903a8a265e7e168d30a92620ddb,0,0.0,0,1
146,3e83661989479e7ce889c6e07aa39015a18b3ad2,0,0.005,0,1
147,6525baf1941d083b931f9f31f4bde8daffeaea5c,0,0.095,0,1
148,60c60e05f87bd7683d84dbbbf83c8df9f3ac989f,0,0.0,0,1
149,a37a9384f18098d3634ae844bdf22e6fbe202cff,0,0.045,0,1
150,1214de50cd00b3b2dca78a90283f02c9864c3edd,0,0.02,0,1
151,8d8ede74b556b5d6d72ca98c2a48e0441b488b0f,0,0.01,0,1
152,3f83d10d68cd157c886218d7ab8696942d7f4e53,0,0.08,0,1
153,5a4f0a81713e650aadefb3601333f39d51315509,0,0.065,0,1
154,118e94b5e981f6e1fd4ccdf41c80677fd972d030,0,0.225,1,1
155,09d7f9a7b88ca4a41f1644c5c8fe3184d6151bbe,0,0.01,0,1
156,0f9932a5c52e854141e9e853b1f0857dc7de52f7,0,0.01,0,1
157,1d9b3006bf3e2b736572cd13621b5c8eea7c073a,0,0.025,0,1
158,ce5671bfb0cb6d9f579d77b4ca5616165f05119d,0,0.01,0,1
159,6d5b6eb0d1fbd975e05822bfb21e4d78f8dbe3d9,0,0.075,0,1
160,a222b6b3ac92e0585acb70d443056873b12f2c15,0,0.015,0,1
161,ca6583feb8e6dcd9ff23f9495fef0d22a14ff2d6,0,0.03,0,1
162,8987aa0cfe1bc7c20ad7f4e69250bc696261fc23,0,0.09,0,1
163,290002cb887c1da64da293c390e40905629fcd31,0,0.08,0,1
164,bbf926511f74a3e7fd0bc8714ca3126ac8d3a4b1,0,0.015,0,1
165,9b78d1ed4c2644949d057e1f236184e134f9cfa9,0,0.16,0,1
166,e0885ee01f0759f3b9233045374e7508442006ed,0,0.065,0,1
167,06c509b3b8818985e94c199aef57960353ac7038,0,0.315,0,1
168,47635bdb4ac2464f8a9f8429cc25ee1b1165ef98,0,0.04,0,1
169,a567246d1e41cbd2eeef1cd795c8d46cc51a7ffe,0,0.015,0,1
170,0fa29579f5af17e360e54c8081719288eb993f2d,0,0.1,0,1
171,a25ccdc4e66779a853c3a517af9656c8f831bc23,0,0.01,0,1
172,30c4a5bea5c973b34e9063341199866d09e84917,0,0.005,0,1
173,c7b488ff701e5be213c77d115f4e4bfeeb8bffb6,0,0.015,0,1
174,d5d66faf07314fea6f4f9fe4e2cdf6828bb5d720,0,0.0,0,1
175,60b153397501e2abb7014d043f058948c0e37d4f,0,0.0,0,1
176,86e1cc033533b3e12b7f7394c19fc9a0ce4f1a39,0,0.175,0,1
177,129e53d466a78a57711cd3635c0f5ee74dca38fc,0,0.005,0,1
178,24c940f0b50ffee730168cbb45f314e1c2ec73e3,0,0.01,0,1
179,ab58ea0f84ca91922740fc6692a41664f32caf38,0,0.02,0,1
180,7f97d1399bd03e0540c949aa486a62dfacb3db86,0,0.06,0,1
181,af78040b501b51b6af4d1887a37df41341664426,0,0.01,0,1
182,29c353915bc74d98ff96d7e90d134adaeea9b34d,0,0.03,0,1
183,dc4dfa3b70bcde117f5afc7a36bcbcb05460a965,0,0.025,0,1
184,209f22fc1c28b3a2e7af9b06866cf020e09005df,0,0.3,0,1
185,8aa20ce2a85773181d488cee7ee00f4b90345f4f,0,0.01,0,1
186,dfc64f86000aa14081ad5682fbe9b26f76175411,0,0.0,0,1
187,6c13bef9eb8822d46cbc4fe8c4a2e48d7d685cef,0,0.0,0,1
188,75f1113439c4b76371635b9676d99b4ef584a092,0,0.0,0,1
189,6b5659033e48e96c7d7bddab9a715132b6661e19,0,0.335,0,1
190,97a5210fd70a226f2d18b27d6beb74ebba70966b,0,0.005,0,1
191,03d011748df3bdcadf4468a380c76f86e0d5a2dd,0,0.005,0,1
192,c268d99c5a184e542ae5e3cdb6afb41b28e1cd30,0,0.015,0,1
193,b203596f1e6f7ef3ff12c2307775c46dcf9f3691,0,0.0,0,1
194,dde021f1ee26c496237a4edc547dc613a952cda9,0,0.03,0,1
195,3a08bfa6d8f4260c133d2b0054c0e4cad592b03c,0,0.12,0,1
196,282f7175a4d8944e4744cdc8307e58b1efd19e72,0,0.08,0,1
197,a6f743b5f205f1fce14738a954734e83ce7dc4de,0,0.025,0,1
198,94e0cbdcde5cdd29aad59915ac6eb5e6c04491b6,0,0.215,0,1
199,dd6cefb0ccb596d0597e2a9991766e109153ab25,0,0.095,0,1
200,8f423828e0d9f34896f87d803c559adf2d953f30,0,0.015,0,1
201,39b3fd1877e130d5f66bd4ff014ce9e1ecab6e8b,0,0.13,0,1
202,e75e686431b7ed08de78c5b53d55dd33ff423ef9,0,0.015,0,1
203,1822d254718eeaf3ffc7c9243859663a53763f8d,0,0.015,0,1
204,49a950d28cc436705d24efd2f904915a6aa3d28c,0,0.075,0,1
205,bf6aa3118ef1921ac50e29aa36018dd81d2675d0,0,0.0,0,1
206,35474152116f4fe1ca86fd03d94d9fd3a1e9b2d9,0,0.0,0,1
207,cb164171e6ef49b5cec7fb5db40729bd3de795b8,0,0.06,0,1
208,ec4edd9a2019765e3db48d69ee83a5fcc205ac2e,0,0.005,0,1
209,afce27e29d42c5caa46a2c7496fedac647405ae9,0,0.21,0,1
210,a8aea5a50b203721a159ffb1d2d93f44194c3cc5,0,0.0,0,1
211,1428c12d5e817c27285855ecebbedf209333528c,0,0.0,0,1
212,ada3793d40dae7f77cd50bee8e13f4f74f93953d,0,0.0,0,1
213,8dcea987fddacfdd0bd21a9d65eef19987545857,0,0.215,1,1
214,5869a102fd6ae6800da9239edb45e5117ecf0e1d,0,0.24,0,1
215,ecf317f16ecfcee1dc59ebb8d48e3ccd6d080e58,0,0.02,0,1
216,833111b2e81ae248f6ba38553a0dd7568d438439,0,0.025,0,1
217,28a28399279c42e5613865dc720d81e4908929ae,0,0.035,1,1
218,3c4cb189cc91c5ca78cab3ba95dc82bee715d39a,0,0.015,0,1
219,450456208cf75b865fd3c0878b6b4f70f6b329b1,0,0.01,0,1
220,8ba278047434deb16a3d3bcb7f92c1e70b2877e8,0,0.01,0,1
221,e1bb49d29d7812d68869b232d689a40853aeb29d,0,0.055,0,1
222,afacae936b738bd3ca6dc86b10e6f38b7cb14729,0,0.0,0,1
223,d0a5eff570d47aaec3631c7e7a5a9c4b68442afd,0,0.04,0,1
224,0b8e0a285c6401016d58294ac80c636ed2e2084f,0,0.245,0,1
225,6c3673c46bdd1b1c24a479b7418baeb12f509353,0,0.3,0,1
226,d3561ffecb6e9793992fb6c20fac846d924d701b,0,0.0,0,1
227,55824972ea05affdf3c62ebc63cdaa10e1ee98d6,0,0.005,0,1
228,48d4f49acb2625a0147a116e6a23b20dfbe73398,0,0.005,0,1
229,f700aeba3e2f05c8bd4618354be9b3f17707252a,0,0.0,0,1
230,c8f373fa5c17cd35e5a24cf4c44649b6e91f1d77,0,0.195,0,1
231,c7c27f910a99aca49a91d725a2410dae3bb2709c,0,0.12,0,1
232,c3e3184821ac6d2a13198b0cb6762079136701fa,0,0.0,0,1
233,83dfa0a5c07b100a1ba2f73a30413483ae2a8f5b,0,0.0,0,1
234,2ba27ad9dff805a17843c1db32068c613606d91f,0,0.0,0,1
235,656d46f87277b7bfe04ed05122d275a57909e98b,0,0.01,0,1
236,27f90d65a5f7ff141915c66af3ecd564cdfcb361,0,0.0,0,1
237,58a204274e8010cb535b385a9cfebf0cc283aba5,0,0.105,0,1
238,ac8ff245097c97c79fcfd4792ee8a56797c5a2ef,0,0.045,1,1
239,cdb5e8964b264480e4db984a23c85047bf820244,0,0.04,0,1
240,23a6ba5cee8df10197a2a783d8a55a15bf0d4c86,0,0.005,0,1
241,de12e28789bd8bc2e213530150cdec6fa41410ef,0,0.07,0,1
242,b0146fbe53a7c9726ef0e428e3589320791535ce,0,0.085,1,1
243,ebadb558aaac32dd82e1355a915d42c521a3e740,0,0.135,0,1
244,0d61a96330afa923801c585c7d60be48b26e99b2,0,0.025,0,1
245,6eadae1ee2f3c3361ec8c6af3dba4f3805273194,0,0.005,0,1
246,f81d4ff3a0a38839b415f6ba6699e729fce98245,0,0.165,0,1
247,371b7ce0330c5abbbd19fa82ce59c9bdedc53ed8,0,0.0,0,1
248,b9ca51f09f38e5a4d73bcdafd09080c91670379c,0,0.16,0,1
249,c016eb832b7ceedadcce85fb8fc7864611d7a0ef,0,0.005,0,1
250,4142992080eb8aa75dcfae34808e66c4ce39760c,0,0.325,0,1
251,4de8470c862a11c20189a64365e7fd48168cd37f,0,0.0,0,1
252,99667c817a6097690cf2210b5549f299f771af18,0,0.005,0,1
253,923800c071a4003b6d56574efb34150503f7c5a4,0,0.35,0,1
254,731daf82cf5c36bb51a7758141d331739cccafd0,0,0.0,0,1
255,c23d010ce14ede2e916d1b1d186add9cd27c93a3,0,0.0,0,1
256,610c5e8b1ab60ffe2e361a1c0a4806f8a0e9c978,0,0.07,0,1
257,0bff3901f4447fed56b3a1751a10ece840d63517,0,0.035,0,1
258,380892dbd095f453e57a2a9f81b4722466f160f4,0,0.01,0,1
259,c4d2c8617053a7cfea8d0036b88d9ac6751c4a61,0,0.0,0,1
260,5762e65833dc13f463c131bed4fbf3da2ba78cbb,0,0.0,0,1
261,20fa2579ec2d60a65fa405260e977f27e1967380,0,0.03,0,1
262,97826e417774d9081b9b01e6f158e023a90fab76,0,0.0,0,1
263,3160b5c5cc631b731a2b31af0239586c913033fd,0,0.205,1,1
264,6f72f0544fee21c283bed474cf7ad4eb0e2d8d99,0,0.01,0,1
265,b53fa38639e816a7f7292e82190bba5ad6c45c74,0,0.025,0,1
266,96d79054dc340add8f00380e6c8301c8f611fb3d,0,0.005,0,1
267,221617603433e2ca591c3ce52754a7d0a9dbe1a4,0,0.02,0,1
268,439fdb9d9db5e23b8543ad3a512b85a2bca48cb3,0,0.005,0,1
269,8b4597937e00ecb269318355cc3e092030d64a9b,0,0.12,0,1
270,3c93e75f7d12d40cc0ba576c856c07b6eeae6b54,0,0.115,0,1
271,ab55ca079968e8cab3f9b3b617ce1993931a275e,0,0.0,0,1
272,60174ccbcdfb12f531d4d35a76906d83c3003cc1,0,0.035,0,1
273,d2b0a951709e63384f8ed5f3f543db266a5021ce,0,0.0,0,1
274,a7d60be75e1ee1a65beb5f3dd2de7f77cda5c2ea,0,0.055,0,1
275,12482617aebab8c37403052b706b561477643232,0,0.125,0,1
276,92a4d6b1a0bfd6f0f26dafd2eff17ea178ed5775,0,0.015,0,1
277,a9fec4191b3fc9d71ee12d085431583476bc1704,0,0.0,0,1
278,5774179f4b5cb5603b6eaacdddbd0390dd2f1527,0,0.0,0,1
279,d27bfd83d63a02fb8f313d528c0d265961174332,0,0.035,0,1
280,f8efb929f491a9bf1b03f2d3f0a5e5fd42f95e52,0,0.01,0,1
281,a998dcce9c5591342d9a2b7262ce5dcf3832a917,0,0.0,0,1
282,9072f7e81345499b347ac68ec27f8b02ac02ef75,0,0.005,0,1
283,198b8a312dbdc420df55a7a942ddcc6c967d08fb,0,0.0,0,1
284,d253634bd46dbdfd3171266618fb9657357dacdd,0,0.005,0,1
285,389cc27463f681230781fdd555409f1fadc0797b,0,0.0,0,1
286,e40ed5d28abdea5193ca0240c3dc7e65f57830e1,0,0.01,0,1
287,7c8e4913a54777ae7cefcd2deebbad6d1ab91a76,0,0.0,0,1
288,4c13c0fe52829e93aeaf2b8c8658767167c0e40d,0,0.01,0,1
289,b4bf366a9601e0fbc3e21c070f1727d246637a58,0,0.0,0,1
290,e9c6edec9e685bba0cbdebf336717bcae2393cf0,0,0.0,0,1
291,b04ac1468fbb6c0dfd49942b5c985f936ccca27b,0,0.0,0,1
292,89e65efc1ebf87df44f7e98eac4fe06e8ac7501f,0,0.03,0,1
293,eea1a7d14eecdd41f38eb47f5309116340838ab5,0,0.0,0,1
294,9d8f2c0506ee7d0c274aff565289067e9b38e4a2,0,0.0,0,1
295,0b46b4400bb148a65d24e67f57e8ba9f3b7d4df1,0,0.03,0,1
296,cb3f2873750917ba6afa47c0b784def725a64a25,0,0.025,0,1
297,3553ded10bd1518fd9cc023183e40a2cf44cc6f2,0,0.025,0,1
298,4705c4f9246ebc74e96be501c3b1caa07ec5f83e,0,0.0,0,1
299,f63bfec50c1926be86a8cf82e255d0e103a0e2f1,0,0.015,0,1
300,f9a9cde5fbed80b2eeb475c0fae8e930cb366449,0,0.005,0,1
301,15a28dad208ec177fa75f3f441269acaa37545bf,0,0.0,0,1
302,5bccf687e83cba143b878deeafd7d7022da3fe45,0,0.0,0,1
303,64e0d5d213f685c5345fde0e49113a72c716cdc0,0,0.01,0,1
304,6afb7fa54f2401f5b62238d2bc127b63a73b62be,0,0.125,1,1
305,a1fcf167b2cf064bc82edcc52ee9d935a8d68cff,0,0.035,0,1
306,ef6887f87037cce8f72c6beb233cca8b9b959ff8,0,0.12,0,1
307,abb99f4d0d0033ce3bf5f119b6c77a872efa54a5,0,0.0,0,1
308,18e7e2ce91469b4d275470dec3e496af53697b9a,0,0.01,0,1
309,470f0a8726ff2dbc5f836a3c5cbf7a2f65d2c61a,0,0.0,0,1
310,24eb3834d17b32b4d67f697af72d609733c97d3c,0,0.025,0,1
311,88b7d7f6fc23b89ba0fd6fc32ddbaf87cb805496,0,0.03,0,1
312,09d99f030dbfe938a9b8f6158781eafaddea1403,0,0.0,0,1
313,0c919d42ac18e87a09be469457065e3ba8cdc3c8,0,0.015,0,1
314,2812744c9c90bd26e75d14166b85b29273c0a148,0,0.1,0,1
315,36c3ea473870eb6861ca8b9d072fed97b140dc9e,0,0.05,0,1
316,825e095cbf35c11e4fd4255c91fb238d4f847eda,0,0.15,0,1
317,86c44f1b88d178ce9884d9982550293ad69e9dc7,0,0.03,0,1
318,a5cf43289f7f0cea67b7136fff715ca3872bc843,0,0.15,0,1
319,c0e8de1ff0bb67e2e55d673d4cd3b234905703dc,0,0.065,0,1
320,3dbfbeb0a88093e0793f695af636fb1172194589,0,0.005,0,1
321,20af7650fce5d89c714626f855350f057a10befb,0,0.01,0,1
322,98bfd27d631d2fc697a72e4ade6bffcbae83b79e,0,0.015,0,1
323,8a83581eaf0fb46000ffe3093b8b4152dcc18b91,0,0.1,0,1
324,1d67ef4bedae4255de7fd7338a48c69add39d18a,0,0.0,0,1
325,c045b189f30de625d0090a2e7c5111d5e53a195a,0,0.04,0,1
326,d429505103865e9f92c4c21d1a5d51eab35d7733,0,0.035,0,1
327,0f2ef2d95437498b0f9d1a03e904979bdeca1115,0,0.14,0,1
328,1b8959c71177af29d103e10c2b96f496d234f20a,0,0.16,0,1
329,0bee543107551ad6741b231970687d49e001c58f,0,0.11,0,1
330,7921608decee581d0ac2081b02519ee19790b854,0,0.25,0,1
331,a436c93ce3d5816d0fc4518ea5948678c0db5755,0,0.185,0,1
332,36a39209241f69ad8802377193315c23802e30b8,0,0.28,0,1
333,eac9648b4f5f85a22969e007239e4c36f6503eb8,0,0.15,0,1
334,dca41739a73d6fc69fba5f4def34b4d0967f7efe,0,0.36,0,1
335,fb761ffb51ba1436163b094255b6af40bf69bd83,0,0.23,0,1
336,29e63593995f59f93441f08912c0fb3f67184425,0,0.215,0,1
337,dee1c0d70b774902bbfab9f5eb05e5d77066a8be,0,0.355,0,1
338,1513e3db5f58ff211200474b3de5695258cb262b,0,0.01,0,1
339,5c72fa771e59dc25a69b442f81d91c31a489e64c,0,0.02,0,1
340,2f1fd757fcbcacb13672f6a268feb8ce9647d6f6,0,0.21,0,1
341,6a63df5151501f0130920e4783115bd504749b6d,0,0.055,0,1
342,ddc27b4a15ebceca5552bd139bc0a4997defcb6f,0,0.205,0,1
343,f2a5e4f51e438068a6febdfd0f2127c1af0130c2,0,0.035,0,1
344,eec73bbca2eb32a2d6de8927384bff709546b3cb,0,0.175,0,1
345,4a8f04b498aa43e7a6fe2ae1dcf075308077ad28,0,0.0,0,1
346,375dde97a4b854b710a984ec0e42a1cdbd242b1a,0,0.285,0,1
347,4ea3c7ede679175e61b2a4fa16f80a0f226f271c,0,0.16,0,1
348,7905624f814fd20655e95e9cea7d9e4f8418484e,0,0.015,0,1
349,2ebf67ac0eb23978522153c90892afa7a9939154,0,0.16,0,1
350,72827394225ce8406c37b8d951b1584034088058,0,0.005,0,1
351,c0aa57b1be184b67fa7519a9739c25194ca5c786,0,0.005,0,1
352,e300c944ed377cf30de2ccb07e70a09d7c15334d,0,0.005,0,1
353,bd92c7300934b4d4e95eb7ae99ed623237807860,0,0.055,0,1
354,ffc89e5bafd6c61d43c270714a66c20dce47256a,0,0.035,0,1
355,1914d8f1ed26dc6206b14e3df9738ed0ec34d841,0,0.0,0,1
356,6512d468efaefa4049c688b42954bc7744f24fdb,0,0.035,0,1
357,0280b53e2d626f2aaa15265eb3e7050153a532b0,0,0.0,0,1
358,3109c12ec8936957d1aba94bafb0f24d0fcac486,0,0.09,0,1
359,ab3935c4c94b1228e5453196e020f92fa5198d64,0,0.015,0,1
360,c9369dc298af3ab89ef7252694d7910cd8fb2d6e,0,0.025,0,1
361,11f91fd0eb777449050b8d85b9603c19390eb714,0,0.0,0,1
362,75d7b31b6a4aef44b2008aba8ed8cf7f2ceb88da,0,0.0,0,1
363,e40b641df3b8a4abfe01c1f1faeb574a11f1f619,0,0.0,0,1
364,cbb3c0d0876cf7ce2edf140ab0ff4ed26a579e1d,0,0.015,0,1
365,0576e96e7319f6c712073efb0a2dbd89ce45e8bf,0,0.155,0,1
366,0043cafb2ef18d163e6dc888008715d9197cefbc,0,0.0,0,1
367,53fd99ddf3a281718f2c2d9571047363b9985a1d,0,0.27,0,1
368,dbe211027644729f3ec41ca076c6a85011190e80,0,0.165,0,1
369,352b49daead3b06c985f297965b61559e20a4423,0,0.135,0,1
370,74813500be92159bc18d4d7f7ca6d881db0a497d,0,0.28,0,1
371,271bbc9eb6edb21e91c7f0adad8b4d900987ed68,0,0.3,0,1
372,7319e333d6e0483b25756fd9a89d413594b07e21,0,0.305,0,1
373,908d8adc984ef0895f16b2f060594e72bdea6f25,0,0.13,0,1
374,14f26e00eb78b87f890832b74a87321155b391d0,0,0.015,0,1
375,4fdd797b3b02d37c2334bde5da15f94f69e33589,0,0.065,0,1
376,a7e741944652cabc8747196718593d95302ea6c8,0,0.25,0,1
377,95d15eff45cfcf40871d950c8ffecba2d95d63f9,0,0.045,0,1
378,7dc0c33e7c50bbfe160f72cdc71ea18ae731eaea,0,0.005,0,1
379,58133c861282c9107e9b62ca41bf97b93af4c8b7,0,0.03,0,1
380,6f0c74e62a644c378cd17b9db15f65a34fb9d49e,0,0.23,0,1
381,a04a6c16c6f28febfcfb746c40f38dd79c9348f7,0,0.12,0,1
382,cd57ad4c3dccc382b73f22f84250e6f7e173584a,0,0.1,0,1
383,5191e1ddc8305ce1f23c88f90c33f062396022b3,0,0.0,0,1
384,7ef57fba61a5f5e0cae07ec08029961723511dcf,0,0.28,0,1
385,10d1ba8b049c9a00498fc5890fa5f095f8b26f79,0,0.025,0,1
386,9424a28a3059443b86b25c490497cff910107aa6,0,0.035,0,1
387,41737b05da6153fd186d61b9b8741b700e082083,0,0.0,0,1
388,27dc50b397cfae42e347fa109fdfb79750c1ca89,0,0.09,0,1
389,920798fb85ac039349129747db988b217a268888,0,0.0,0,1
390,47bbab88146a4268f0614d87ebbd242c5294f252,0,0.3,0,1
391,99c798e46ffa6d6be36af8b05248b42abd6fd6da,0,0.0,0,1
392,47a87ce229b930e71ee72508da7427d343878a16,0,0.05,0,1
393,e2c0e16bff26a96037441f828e96eb30146d9e33,0,0.02,0,1
394,64230d2b427c3cd75d149b87ae556fabdb8df491,0,0.31,0,1
395,29cd56b6f41313f758e4b559d1140c68afdd55b3,0,0.1,0,1
396,d96758d1c66b73c4ffe25aade4f6020dbdcf6591,0,0.02,0,1
397,946b37c737c3ea0e91fdcf969261b1fc72270d68,0,0.02,0,1
398,ffbb85d329072fe868856a7f1772e42a7146c9d9,0,0.15,0,1
399,d61dba0cf68a1400e55d0dcab7e55f6de16ae74a,0,0.005,0,1
400,905a32a8f4188c3a9f6857271259d2476dec34af,0,0.0,0,1
401,744998a7379861e60cd64836844d0fe9c309e2bd,0,0.0,0,1
402,d5c397414b3aefc3273c7ef91a6090de485edcc7,0,0.0,0,1
403,11d47fb1e5585bf58e56f55777b4f5400beeef6e,0,0.01,0,1
404,9971405cdf14e6677830d415d06a137af01e62ff,0,0.3,0,1
405,a244c199d4bd155567d9b58875dcb5ea46f6a738,0,0.07,0,1
406,74412ef81df26ee7a1d99fd2fa156210b24e04d5,0,0.015,0,1
407,31bbb41c5ecd29ab9b8a8c3d79cbd8a307bcddb9,0,0.195,0,1
408,cfe3c4c81435a306be4b66a580823642972dc5f8,0,0.025,0,1
409,037385386261f5650b9ab16e4cd68ff019803a6b,0,0.15,0,1
410,a4d7e7c86ddbcf9216de47b746bc7f0e2eb7f103,0,0.05,0,1
411,7f6912730ea1b8373d40aa31f5e828f4a3c0ca4b,0,0.005,0,1
412,2689ee367b185f922e963dbbd124a3b2c5c3b27c,0,0.1,0,1
413,2d16e3fe0a1e777db80a265b4adbe8052ae04797,0,0.0,0,1
414,4cce3340e889eefbb4f4cc7567ce318dc086e4c6,0,0.035,0,1
415,a02edcfa9665701bbf851be5c8f97dd96aa9c327,0,0.005,0,1
416,37d642ec3056d6add8a535e9ef8d47992e3c0ae7,0,0.145,0,1
417,a21d5ae301df6432b0ed6dec848f59e6545cbed8,0,0.42,0,1
418,1f9d49ec71077eb2fcab64fc0bd4c61a6a865041,0,0.0,0,1
419,8c895fc74f33df0ba6ef3d37738fae6ec9213185,0,0.0,0,1
420,ba117812a2174b78ba6529262d49f42fcd729bd8,0,0.0,0,1
421,99071a0140704f15f3e567ca98e0eda390fc4377,0,0.0,0,1
422,6402f73b91eb8c232054e3ee22ba66c39df86834,0,0.0,0,1
423,8baf6595b8979bad30484fedbf47acc7148ebb71,0,0.04,0,1
424,f852e1f5bafdf95dee9d2fb2ff9cfa3b9d2dedbc,0,0.02,0,1
425,37a8044ddf0b28a27cbdde6e9e2dcf4abb5b6f96,0,0.0,0,1
426,9c8bb93443a6e5c2e1261dc5780ebb3f20bcbd58,0,0.31,0,1
427,0093f7b0a2a9e06ec5b5e1e551676269171c3e3d,0,0.265,0,1
428,d277738885e78a9339f12ebf10c3c26eb538c1cf,0,0.08,0,1
429,ead76ad6aceb93de5bcef423ace01650f0558804,0,0.07,0,1
430,f8a74e5e5640ccb7c592dbdf2ac095f963e4e70f,0,0.06,0,1
431,789dca850ca15a56240c011b260d46f2cb604a63,0,0.01,0,1
432,99e20606f6908f909b9a77811cf18709b815c99a,0,0.015,0,1
433,2b5ec00f0ff2d800290f9ec0d3cfa00898491675,0,0.185,0,1
434,1a4b122eefe5f1f3f1bfbe6a4440bbfa3ac4ae8f,0,0.0,0,1
435,4f53d73b9f5762ca412d5b1308d255a36da0f831,0,0.005,0,1
436,69992a098ebb0094f081801d1d376e553e7ee0f7,0,0.005,0,1
437,fe1b30b58958ff95d01bc56e64c0f81294c36ac8,0,0.16,0,1
438,1352a70f26cc1aafa29258f28ad4167392b97bd8,0,0.13,0,1
439,cc7d2ff3ca952bc3489a0ff0fad04f5a1543ae20,0,0.225,0,1
440,a51152cc9eeeb36e7efcaa126edb50f59058c845,0,0.075,0,1
441,e71093b8df5770f59dbb84c2540602f0a98b4253,0,0.085,0,1
442,5fef93ec7dc49901eb45edd69b3cba563c02b49d,0,0.045,0,1
443,86dcb3c6cea54d5375a3f6df20a67c26e09cf964,0,0.09,0,1
444,497d025e1e0478be7056c4eb2149fd815dbf9fad,0,0.085,0,1
445,7e8d270b5067414ce2220577cb2371ab34395c7b,0,0.105,0,1
446,feda20d160dba533dfc2be093ccf451b449e818c,0,0.055,0,1
447,f4f2b6370281c94b0707b58581ba0102ecd9ae27,0,0.15,0,1
448,50ab4b74b25c266f5c3834645263149632791817,0,0.0,0,1
449,d45a10927e19f3917c30bfa92ac1d34d0ab24808,0,0.01,0,1
450,eba07dbc4e99d12007d36d87a905bc49e14ed67a,0,0.1,0,1
451,f880c83e06411b15eb3577a145f035e11b6ca408,0,0.175,0,1
452,b2e24119bcb10131f765ba062d933a574cc13c7a,0,0.35,0,1
453,02d7cea111cfe0bebba42d1c030dadd1b82036db,0,0.335,0,1
454,faa7785779c79578e38336853cb9de5abfae4813,0,0.055,0,1
455,b241c3962faa9b71726ce47d9315c2af0d5c8ad7,0,0.17,0,1
456,fa73f3c50f7416ed4f368394da6c6fb4ddf8cf3e,0,0.1,0,1
457,5af9537a5fc3d44404e75b8a6116b6850b74d9a6,0,0.0,0,1
458,149e1179d3f0dca862a3ce416bc5d9bf5e511fa6,0,0.0,0,1
459,5922c5966b7d07166b400787188114b0dec2e307,0,0.0,0,1
460,412e59c28601689f093d1ab32774fa031c0815be,0,0.04,0,1
461,56c8f7ba911856336fa53c12fa509d318aa1c4d8,0,0.05,0,1
462,c39cd6eefd0448b18715eb290b9ce10d2e4477b0,0,0.0,0,1
463,f2fd86edede6b8709a406ecc89a8a0ee2f82516e,0,0.005,0,1
464,f19895754dfffb7876e694c82104e3b3ae013cb7,0,0.0,0,1
465,5e2504bbb2c468da3cfd28b197c0a33855361066,0,0.0,0,1
466,31d0c4eff6bf9dd04fd28f31d9e623958a877958,0,0.02,0,1
467,b7c7b8934af63a4736f87e53edbf35376213d8ff,0,0.01,0,1
468,196fa5d58bca841ac037e03dfbe090f4a1bc9cec,0,0.04,0,1
469,3f645310b52358ebdd36e8afa0f8ee98aadfabdd,0,0.12,1,1
470,d099c7c3436bd43094e7b3087c64e0552cfbec5b,0,0.095,0,1
471,d8e892a21f149beaa31f7b29760a3b8a0e3b02cc,0,0.015,0,1
472,9c1e515346b13c823339a31379b2e32abb26cb86,0,0.11,0,1
473,f656676e3a9a9611c368d1da462ed0ce5c93308d,0,0.105,0,1
474,f14fdb5447f4ed1e103db2cecc148f391294f342,0,0.415,0,1
475,399249653d7a5dd0a0ca3f1c615c0b44f7601a01,0,0.075,0,1
476,6041336783ba94b46fe5953e8415884bf0cef32c,0,0.13,0,1
477,b789d44c4c79e3a8ccef7f7d534672c900455658,0,0.125,0,1
478,bfa2d3ca3f91a99b5959ec3bfb737f48525a71ec,0,0.065,0,1
479,c40763f0c7e7ca488f57f9b67207c1ee2d85ca91,0,0.305,0,1
480,2b6b5bedbbfc914f19c6c54839b3b6f68c12cad6,0,0.0,0,1
481,f4e3854e2f5c7cab54ab73d6e04006cd22f7e047,0,0.005,0,1
482,118f0cc0856afa4c61113fe5a742d11bc35a34d1,0,0.16,0,1
483,df95ffdc2461464a7dabcdb5f5c494bac63f66f6,0,0.055,0,1
484,094ea7e70fa26d36796bb9054cce0834042753ca,0,0.005,0,1
485,db8154e7a0c6317c6e9184c1e61d8d9974b025c3,0,0.06,0,1
486,a59ee687f1c92ade898c93caf37757cd78a19ca1,0,0.0,0,1
487,325e79734102084ad0d80b35caefd8961c384765,0,0.0,0,1
488,d7f3fee311f5a9b4aa4021061c4ac07d80517c43,0,0.01,0,1
489,d3570e8ae9b2b075fef10fc49bff98d51b035c52,0,0.235,0,1
490,a5949c6f59e741c19fdd25e18540868b9e184806,0,0.025,0,1
491,5ee7ecfc4e8d47ad444f9e18ccbf9417f11ea5a4,0,0.16,0,1
492,fcf0477a1a2f55b44f6d80d34333cbb62f49d0df,0,0.01,0,1
493,dbcf7dd6223cb91b6f15a644a2562c38b451240f,0,0.145,0,1
494,d161d473bbd756de5092b3fab07134415f40eedc,0,0.31,0,1
495,fda34e037668203fe1e6b9cdd8849747b85d729e,0,0.015,0,1
496,3b94e30307f45a5a0283ac63638a56488feee839,0,0.245,0,1
497,3f9a933d4c1316211df42b9c197d432ca8456451,0,0.305,0,1
498,ca7a127a144395315aaf6ceb9355b0bd58adafdc,0,0.29,0,1
499,32354a1039ceccd4a6a71baea3329b27dff7a124,0,0.255,0,1
500,a050013f44453e1880b4d3c5f3c404c83737cc4a,0,0.22,0,1
501,ec5d9d37722ed359b424b7d0317a21ab01ff0491,0,0.39,0,1
502,80ddc491f1bd277723c22b1659559a7dba539d2b,0,0.04,0,1
503,776514240d34237f9e320ac50d440ad2ad2caa82,0,0.26,0,1
504,20d9eb1a5d454e1502ad5361e5d720338f497301,0,0.275,0,1
505,a0817f428eac7063c5257d755fa1057d6ce981d0,0,0.13,0,1
506,936b93751740c64ad9c77343e25fc9a97fd5856f,0,0.26,0,1
507,645d642b8fe7c723cb13788a723c298106ea8d18,0,0.27,0,1
508,6d877485ed001c609de972d6e88720511665afb2,0,0.0,0,1
509,5d699563b14402c410e32bc4b175419c18993918,0,0.175,0,1
510,9591a91f45ce63a964327d9429074418939fe29b,0,0.02,0,1
511,e0bf2f8c2932a1c04a6322543a0e5137501c487e,0,0.0,0,1
512,50af1b4d6384bbe48ecd7e66f6ddac534409bd50,0,0.0,0,1
513,1f7ef356d9d6ce05f7ac06ce498f3a761d61f8f0,0,0.0,0,1
514,4289e3e4ffcf5e6f95fa8f2201fd8ec712cfa51a,0,0.015,0,1
515,754434a4c01e9108ca5064cbaf653974ac687d63,0,0.29,0,1
516,3ad3a1fa41d3973b21b6c01525b24c7b9f489022,0,0.005,0,1
517,ea13fac8769f59ffbb67ba63b851d33a182282a9,0,0.12,0,1
518,0fd55c7ac3d3087903b1b7fcc7ee0f6411b5256c,0,0.1,0,1
519,bb201d926ebf225439d0007e7015365a9fbc3578,0,0.145,0,1
520,dadf9a70a0b6ea61e537678cce8277cbe2e4f60c,0,0.205,0,1
521,3d866e964d95665e71bfec24c5600ce0945695c9,0,0.0,0,1
522,e92986db749a8d587f767a0d770c7fd7032a928a,0,0.02,0,1
523,6c4ee56c3da3aebddcc7ad7a5d837da8894c73cb,0,0.01,0,1
524,7aefdb81e1b13f334de338ca2cac6457c0df6c92,0,0.0,0,1
525,7774fb6ffb0290c4d5f4910309200f681624eee9,0,0.005,0,1
526,f2c22d1d36466b962dcf7da98b7a8a4d9a4c1ef1,0,0.0,0,1
527,416084f96449417cb4e5c4bc6ec0679a50a2af00,0,0.0,0,1
528,914be00ae2b694817ea92bbd047944807d0998b6,0,0.025,0,1
529,19ad2142b61f2c386f474b0e0ab2e3615775a226,0,0.0,0,1
530,87f0f14381f9070b88720b5a0a43292dadb7deb9,0,0.145,0,1
531,70667484eb1bf37559fda0eea8632ea6b3dd9f4c,0,0.01,0,1
532,ae22813ab1d3d538c003b5ea4f39d3bb6e760c9a,0,0.025,0,1
533,7231b6fe8ec374ab74c60dcea62f7f43b548ce3a,0,0.0,0,1
534,eed9207e45c766cfb1273ebedeb2d2124625b6f2,0,0.005,0,1
535,93604d744bc66a4313902ec79ae95d8080bb64f5,0,0.245,0,1
536,0755c5d8e8fc7d401db8d277ca9034a1329979f7,0,0.005,0,1
537,3fe903b7e2375b05038c5faf9a1c9ea1e5562011,0,0.03,0,1
538,5ba1f1c695e27d3d97ba713a4eb29bbcaa076da5,0,0.02,0,1
539,e0385f30bf8dc2774478c3f4cf40b9d158d13640,0,0.045,0,1
540,6a5a4c8ca044628a69bb3e25a02d622f96d44d2f,0,0.035,0,1
541,3a1a95ff3c394af7dc4afd2f6709024ab9b23f41,0,0.0,0,1
542,2a2a74e9d5174bd3a7f614ac1507467be077282c,0,0.1,0,1
543,60516af98d18262fd1d1c26efc3fd6539639dab9,0,0.015,0,1
544,010bdd1762159ee5cfa6a95b5fd230cb9b057a98,0,0.03,0,1
545,aa27c5dc08edc029d0373282cc67951e7b8a73f0,0,0.0,0,1
546,b6040640af9502c2a592cc44638e9a8a9d80f900,0,0.11,0,1
547,68d4f832e3775a2ad767382b3207a43081caa5e6,0,0.0,0,1
548,177eff33cb429de835ce4a8ea00e566be9e66912,0,0.225,0,1
549,012c7679876e1bbabd3a72ab95382fda07b6769e,0,0.245,0,1
550,1be528669fbfff43ff2b113051b63bb0bf3f8e73,0,0.015,0,1
551,f250d5eb9038cf25ab6c0d861867626088ea78c6,0,0.04,0,1
552,984ff74f4b30aae5c549cd17ddb04a16c33c31d0,0,0.02,0,1
553,10013c4eea06afc5f730e54aacaeb7ed832438ef,0,0.0,0,1
554,9824f20965e3aebb9abc9de9ea0d0c16ef29c968,0,0.0,0,1
555,5771d382007de425201322987cd654986b2f9074,0,0.045,0,1
556,3ea635a01c8e4cfe058e3604232be87467615849,0,0.0,0,1
557,d8e1809529ef78737dbbe4080622330970866793,0,0.045,0,1
558,aecf3993c4c4008ae4a9f024434f2b4538aa3796,0,0.08,0,1
559,ae42622ff090712ae04edeaab09c523b5b1a0470,0,0.01,0,1
560,eb3e19b46070af80b8cec680a5bc352251a0ca30,0,0.035,0,1
561,481e8c1729fcf3f39f86cc5c926a39a602ebd477,0,0.13,0,1
562,f7be1dc6ace53b3d3bd27f617a68c71161d9c6ed,0,0.195,0,1
563,41df7f7f3ec1c00835568d089b191a0f868a8e85,0,0.0,0,1
564,b91a448a9f9afe79e26be8334b87775016d24d55,0,0.085,0,1
565,3a7d733976c79129995224fc90e4bdd0abbe4048,0,0.2,0,1
566,2f10501e0ae07d4205a04c64c2aaaf360c074f6b,0,0.005,0,1
567,7980a24266d463bacc8f1271a83865a7d5638891,0,0.195,0,1
568,3e6a8820703bbdeb97825db66daecf5c4410bde6,0,0.065,0,1
569,6ed1d0667759a810f6b14c3acc1e38ffaca2b4bf,0,0.0,0,1
570,d0be1f663ef3922ce6b24d6b473a82c3ea0bd34e,0,0.355,0,1
571,597b0209e9f246dd2c1e5d8f62bafefe8ea36b82,0,0.02,0,1
572,a9cf068da820d49de5c821d655d9db73e2a15593,0,0.005,0,1
573,9ca170c67f068fd2bc568126c90bc8c0a9f6855b,0,0.305,0,1
574,17f788387d8ff046d55c5b0f2eb72c7a98b54ff3,0,0.21,0,1
575,246167dc96262576922db5edcb6db7e2201b82ce,0,0.0,0,1
576,e0f684748b88a85917f2345a3e9b9189c7c72997,0,0.0,0,1
577,682d3afe65dc5c8bd2a62f1d499c7d54edaf3932,0,0.155,0,1
578,74ab566575a7a3b8a9e91c1757e0410e37cf14ff,0,0.05,0,1
579,a565dd0af1f80361fc15cb20f087ee23b63a5623,0,0.19,0,1
580,976c85755d3ca29c7ddaca3d9730d7917c57e96e,0,0.25,0,1
581,9227754177ba240cd51ad15517f3edc72a0641b3,0,0.01,0,1
582,5aaf1adc155b13f5fb045cf3e4cc52f71184fd3e,0,0.24,0,1
583,9d18b5f85d5ec4b4c2df448bb2eea5497e5dd49c,0,0.005,0,1
584,6f81d04ef7a359fccfa7592037d2ee8fb940a799,0,0.005,0,1
585,9092e81cae255e669605e77729aa00223c570707,0,0.215,0,1
586,f258ecdf91759f05fd56bde6f8d0d809c8b2ffad,0,0.155,0,1
587,2d9e88f2d6c907a69707f22e9dd102f2d93943a7,0,0.02,0,1
588,1f21fb3fc3113bf23bf1579f603fbdd10df8e13e,0,0.05,0,1
589,868e6bdb399124874d0bc7a98b1ad9e83d35d5ba,0,0.0,0,1
590,852879bd56d804405a979c01015f974a58b7dead,0,0.115,0,1
591,dacfe6588ce5ca70e4f10520354b75c4e3492568,0,0.0,0,1
592,a5d473fe2f0cde4ea18234fa9fb2648b422e2850,0,0.095,0,1
593,41c29f826daf9acd24a0ff86cd279f6c3d56d893,0,0.065,0,1
594,54364e6b57c0f38b2ec461d52f58a0ab1d5ccbb6,0,0.065,0,1
595,0b3440441bcdd8d0707cb60d1ede688840c9cbe2,0,0.17,0,1
596,6a5fe463eacb5087fade3e6a1e58371a8789bafe,0,0.305,0,1
597,d092e095316d89d297eec0917d5763e15702d7d8,0,0.185,0,1
598,d64c7a3bfbf05e2a2d26d8cb3dd536005141d7ea,0,0.255,0,1
599,63a3a9d080e0952edff11019b0438e5f44ebb19b,0,0.37,0,1
600,519e4d2e7f05b10eecf6e51c92a3f8cf8c619c67,0,0.455,0,1
601,015f45e2fdd2e0281e0bb8ca6a17a828f6c4d15f,0,0.0,0,1
602,5e6389761c6575f815a5ac91a22c4ecc48596729,0,0.135,0,1
603,004b8958d7dcf5e6054400a154b82d993b63d93b,0,0.03,0,1
604,3a63eea7d4a0dbd06e74ce7a217ece35908e9039,0,0.005,0,1
605,60657ea039cc4eba5b239a409a838cd9c7f3d2b5,0,0.005,0,1
606,848dfc6f317e8ac8defed4fb2b9f06e3722a2c60,0,0.0,0,1
607,a7fea11074a708d1b13cf6d02e62aec0125c5f7a,0,0.095,0,1
608,394a367edcb20a38407d78f16e755a1bbe1548ab,0,0.0,0,1
609,d9ca45911419a5aee0df5a9480162e1d78b56d2b,0,0.0,0,1
610,8c1df65ae6e81c843eadea8c9bd7516809ec32d9,0,0.01,0,1
611,1ae0c809503336c2acea20581af782c560148ec0,0,0.145,0,1
612,76f73733677c71fbf53b7d73c149001d7eead327,0,0.23,0,1
613,0eee4b6f141432fa4d6f0b630f4a524e587817ef,0,0.025,0,1
614,92743c883bd455372decd7bd3eb877b3bfbe3427,0,0.01,0,1
615,461c45aa7db5af1d78c369fff2f11293e5f31508,0,0.135,0,1
616,ca133d89400b1e2b3eac302612353fb9af63976b,0,0.06,0,1
617,732f83c0b57840c521664d8b9fdbf014dae975ca,0,0.01,0,1
618,6f2488d31c8411a51c66070df0d3d1071a808c52,0,0.0,0,1
619,db0ac031e78b2c2c63fe1a03512f4657a4eb35f5,0,0.08,0,1
620,15a1e0410af2845fd6b038947e6dbea5a9b39dcb,0,0.035,0,1
621,91f737519e7b613d4c4ca3c1f32d4da10e9eac30,0,0.01,0,1
622,23da497319a687fae5622e71d10a82388c81c8ce,0,0.115,0,1
623,61018c79977bd1b04c32c031f2327c69980b2182,0,0.03,0,1
624,8fcbe82ab69c4d307fe735366baab97e077cbc64,0,0.0,0,1
625,e777a24d2bde6a71d07dd7078a107a5f826d07ed,0,0.01,0,1
626,2dbc66e4fdcfa51cea40f74db6e97b37a247a815,0,0.08,0,1
627,c733f8c42294f3b7d90469b7bb8a5f8f2531bbf8,0,0.0,0,1
628,309dd689eb1bdef1dcf3f1e9139979816ab36738,0,0.075,0,1
629,1d0479bfb397564ad54195bab01ff44eea96ad64,0,0.2,0,1
630,2568420bf6a022558b0cb7bb837a42659c22de51,0,0.26,1,1
631,63febb4f93eaac4ee64ebcc623bbb7bbe814d38b,0,0.005,0,1
632,3ae07f34ab51300614bfb0202443bbb4d2c5acd8,0,0.19,0,1
633,76b57cddf3d0a4d0b2881e8343b7bee2a505d714,0,0.07,0,1
634,2059461aff27d0937ab313e1787493dfa6d65f1b,0,0.0,0,1
635,9f0e8ef283a8ed8b252db8377d647a29e9ffa6b4,0,0.01,0,1
636,05cdc9f273f4da289bf59466c0801d8e47ca96c6,0,0.04,0,1
637,48f14e7769508eea653f53984adce6e7ab1cc3ad,0,0.0,0,1
638,4b6960624a455a4be2b63a482b7c7b5b418540cd,0,0.0,0,1
639,21bebf28fd7462950f0bff52cf6d08815a31d605,0,0.0,0,1
640,7c81ac50a25f08f29dee96f633c22f68154febcb,0,0.165,0,1
641,a08f9179d33966cc61cc42a91538bc04499ce265,0,0.03,0,1
642,b8b433899437b1da2a438886839be1de6ab7b9f6,0,0.03,0,1
643,cea840d31b4383e486ae60d53246b401b8e7605e,0,0.015,0,1
644,d9964d8cbea13162d0b61ecdfd76d564f7ed322b,0,0.115,0,1
645,c60cba2ec35d4858ccc330c16de46c74c7966a22,0,0.0,0,1
646,799b4d61762fb2d1b616afebee1cd20a19911ec4,0,0.01,0,1
647,0be9aee8825fee918c941a2ae36ef1f370432182,0,0.0,0,1
648,c33f43b0fac38a4b9b0cc4ba2412e33ebe774237,0,0.005,0,1
649,1824dd31e6a39f5ef2e7b7e01f9b52d7ce0fd1e7,0,0.16,0,1
650,bbe44629cc742f5eece1547ecdc6e489d78dc03f,0,0.0,0,1
651,82ca8bca63167f4ece4f21ceabf21401fdf1402a,0,0.0,0,1
652,e36401831647e1afba616f69f95c9ef847416a63,0,0.36,0,1
653,add2d544578872ddca1bdb8b14e1b471400cc471,0,0.015,0,1
654,7ec522753a7d178c8d92341e85200955a291fe3f,0,0.15,0,1
655,78d9deeadcba6476dd3fc0f40e03fbbed473949c,0,0.17,0,1
656,036ba4efec117f5d4598ce2cdecd99833a65208b,0,0.175,0,1
657,ef6e9008270fcb8775f5887c24fcc243031074aa,0,0.0,0,1
658,ba15d2764e831f2ccc3c18555c3afbb14bf5d2e2,0,0.3,0,1
659,4471616be7698f6731aaf88cb860fbbf2586b293,0,0.0,0,1
660,5313f6aaae414a72f83f43069cd439ba47024093,0,0.085,0,1
661,b5724e1cc0110ff35b4e75b4784117f4daffcb93,0,0.22,0,1
662,924769fb0538d5e8be28c9fadd662a7f314b73fb,0,0.0,0,1
663,a0c36a7c8cfe5d8023c21c47980e059ffc4d0b98,0,0.025,0,1
664,4247a40093654e728bd7494db1d0a16e05d03b36,0,0.0,0,1
665,b7c5cd5ff7b02a22fbac06aef14260e0096ce2c0,0,0.255,0,1
666,39eea3de3f343cf6056e9a841f39eaab307bb666,0,0.26,0,1
667,c60827b0b79a5da5da681f6b6f63e745f13fc1e3,0,0.16,0,1
668,39d86e32e2c41cbe9b257d5a9cb03deb44cd5a5a,0,0.255,0,1
669,b4764661a3f6d7a74acfadd8fbe89b914b90811c,0,0.12,0,1
670,18323639c955badd5cdbece4e416b3391dfcb1a6,0,0.345,0,1
671,f5c9e29ea70fc1c391bc4184045a469ed5351f00,0,0.345,0,1
672,75a473e42e9bf79b64a41d499bc10442e12abb85,0,0.0,0,1
673,b17e283c77d19f1b6c78051ce0a2c6b5e4012703,0,0.0,0,1
674,20a365978f7553d1773ca1c3fefc5e464595ffb5,0,0.085,0,1
675,4709a37a4f166f0b36f614b930d38e052bb2ae1d,0,0.39,0,1
676,81821bc466a21810dd0e72114e23c358e12aa3be,0,0.24,0,1
677,0ba7ddcd9eea1c6a25ca9159757f4eaf05a636b0,0,0.01,0,1
678,70c0b992845944be762350cce7116e48ddaf0f99,0,0.015,0,1
679,7222fd432e679a1cd99ede3dc3ba57f270ea36bc,0,0.0,0,1
680,257d7c7c85e699727853ac35c348c5e5dfad0c88,0,0.0,0,1
681,898709086bd5d47f6c76f5936dd3b725d6ed7e4a,0,0.0,0,1
682,cc40bb40a9f294063b51040c88993a8ec22c9461,0,0.12,0,1
683,041df9cd9bacf74a37beb8977e86d9961223b1de,0,0.28,0,1
684,166c6919386c2522ec39eab22df8fbb1a0e7005c,0,0.09,0,1
685,265a435568d174aeb597049d86cdfec554ccf811,0,0.0,0,1
686,0e9a5f40f4602946a2d5b0efdc75817854486cd7,0,0.415,0,1
687,60e328c213ecd0d22c8a193fd96d36f8f8b11509,0,0.335,0,1
688,3c316a16d81e592d6e2736bbca0304d1275b1de0,0,0.0,0,1
689,1019cefed6c1f2038dce118c1e17c596e18bc92a,0,0.02,0,1
690,112b49642030fb158312e700e529c094673efd7f,0,0.165,0,1
691,0b279a4e3a64d6cf60c4c89f55d2ca0f5a4eaf55,0,0.045,0,1
692,efcbcd5cc6a3d11990c17b0bbaa9d80d28ab85d8,0,0.02,0,1
693,d5341ec56c2ca0b814bc93e46adb72a953219164,0,0.0,0,1
694,badb5a45b277df8f1d244ac3131517a908123214,0,0.005,0,1
695,eb09e4d118ce511c6fd2d8585c6c591b9f90916f,0,0.005,0,1
696,237c80ba7b9aa99c8ea15fea2f0a5e8baa296eee,0,0.155,0,1
697,ff7b63131cb75fc1174893494baf33b9a0d87e2d,0,0.02,0,1
698,33d4b224a6acd5fb07dc2b5616dd61e29e826fb2,0,0.045,0,1
699,c1b1b191e0010f49e72ec4e8c04713c496fef469,0,0.005,0,1
700,88c71bb962d3de098dead53bf50c84f9b6b8364d,0,0.01,0,1
701,4298745b4a9bc9a1f6c6b408d408588888e6fdc6,0,0.3,0,1
702,a4b4eabe97491ec99d340c1554edde918131edcc,0,0.0,0,1
703,d312add3bf3e2e2e92dc2e4a38361e492561e5ad,0,0.06,0,1
704,806fa1cdd2945ef2234666270f6aa2886c9e636f,0,0.29,0,1
705,46b35abc2c9c7fdea9f006779f7a5771f876abdb,0,0.005,0,1
706,a0b1c747b514f6648166bccf8e209f6dcf31b247,0,0.005,0,1
